elkapod_odom:
  ros__parameters:
    kinematics_solver:
      m1:
        m1_0: 0.0
        m1_1: 0.0
        m1_2: 0.025
      a1:
        a1_0: 0.0676
        a1_1: 0.0
        a1_2: 0.0
      a2:
        a2_0: 0.09237
        a2_1: 0.0
        a2_2: 0.0
      a3:
        a3_0: 0.22524
        a3_1: 0.0
        a3_2: 0.0